3.30
3.30
3.21
3.30
1.07
2.43
3.29
2.39
3.26
3.30
2.74
2.37
2.65
3.11
2.20
3.29
2.78
3.29
3.25
3.20
2.50
3.03
3.25
2.24
2.40
2.65
3.26
2.16
2.49
3.24
3.25
3.29
2.44
3.24
3.23
2.93
3.30
3.22
2.37
1.83
3.30
3.24
3.29
2.36
2.58
2.86
3.18
1.76
3.29
2.20
2.63
2.38
2.34
2.50
3.22
3.12
3.24
2.73
2.91
3.30
3.30
2.60
1.76
2.22
2.90
3.30
2.57
2.48
3.08
3.17
3.30
2.45
3.13
3.26
2.76
3.20
3.30
3.30
2.06
2.34
2.49
2.86
1.57
3.17
3.27
2.28
2.70
2.65
2.57
3.27
2.22
3.26
2.41
3.25
3.28
2.43
2.05
2.59
2.39
3.30
2.09
2.32
1.88
2.42
2.60
2.42
3.30
3.28
3.10
3.29
