1.99
2.00
1.92
2.04
1.80
3.04
1.83
2.08
1.98
2.12
2.08
1.77
1.99
1.82
1.90
2.11
2.03
1.92
1.86
1.49
1.87
2.14
1.74
2.04
2.10
1.90
1.94
1.89
1.93
1.75
1.94
2.21
1.67
2.10
1.24
0.42
2.30
2.06
2.03
1.74
2.08
1.98
1.93
1.95
2.03
3.21
1.73
2.01
2.29
2.00
2.66
1.96
2.02
1.93
2.64
1.89
1.89
1.85
2.64
2.01
1.81
2.14
2.05
2.10
2.18
1.94
1.97
1.99
1.95
1.99
2.44
2.12
2.05
1.94
1.79
2.02
0.17
2.81
1.74
1.92
2.03
1.76
1.97
1.88
1.90
2.02
2.01
2.10
1.84
1.91
1.87
2.26
2.35
2.22
2.09
1.93
2.08
1.87
1.96
1.70
2.09
1.84
1.91
2.02
2.07
1.37
2.00
2.08
1.49
1.91
1.85
2.11
2.07
2.01
0.65
2.72
1.94
2.01
1.98
2.22
2.11
2.04
1.83
1.67
1.94
2.10
0.74
2.20
1.81
1.99
2.01
1.98
1.07
2.15
1.95
2.00
2.11
1.78
1.96
1.75
1.85
2.25
2.06
1.80
1.79
0.88
2.08
2.06
2.03
2.08
2.76
2.11
1.77
2.07
2.03
1.76
1.95
2.16
2.09
1.88
2.01
1.86
1.97
2.13
2.13
2.10
2.06
1.99
1.91
2.19
2.11
2.04
1.81
1.93
1.87
1.97
2.05
2.09
3.03
1.22
1.87
1.90
2.02
2.06
0.47
2.11
1.95
2.16
1.86
2.24
2.09
2.28
0.60
1.80
1.98
2.30
2.20
2.58
2.15
1.97
1.63
1.83
1.95
2.12
2.97
1.92
1.82
1.52
1.94
1.51
2.19
1.95
2.18
2.19
2.22
2.42
2.12
2.20
1.76
1.99
1.70
1.89
1.88
2.00
1.89
1.97
2.02
2.26
1.83
2.74
2.22
2.04
1.99
2.35
1.51
1.42
1.77
1.93
2.03
1.95
3.11
1.85
1.80
1.87
2.04
1.96
2.05
2.04
2.94
2.21
2.02
1.98
1.65
1.93
