2.05
2.01
2.02
2.04
2.12
1.99
2.07
2.10
1.99
2.01
2.03
2.11
2.08
1.92
2.02
2.09
2.15
2.05
1.86
2.09
2.09
2.13
1.99
1.88
2.14
2.07
2.08
2.00
1.89
2.14
2.10
2.10
2.01
1.86
2.09
2.11
2.14
2.06
1.93
2.02
2.09
2.15
2.09
1.90
2.05
2.06
2.12
2.09
1.96
2.03
2.02
2.12
2.09
1.95
2.01
1.97
2.10
2.12
1.98
2.05
1.97
2.12
2.10
1.97
2.03
1.99
2.13
2.16
1.99
2.01
2.01
2.15
2.09
1.95
1.99
2.04
2.13
2.10
1.91
1.99
2.04
2.14
2.08
1.90
2.06
2.11
2.11
2.03
1.90
2.14
2.04
1.98
2.04
2.01
2.13
2.00
2.07
2.05
1.94
2.05
2.10
2.03
1.92
2.03
2.13
2.05
1.99
2.08
2.06
2.00
2.07
2.04
2.06
1.97
2.09
2.10
1.94
2.01
2.09
2.12
2.07
1.89
2.17
2.07
2.02
2.03
1.98
2.13
1.98
2.02
2.07
1.99
2.06
2.04
2.10
2.03
1.93
2.04
2.12
2.13
1.97
1.97
2.11
2.12
2.03
2.00
2.07
2.12
1.98
2.00
2.08
2.02
2.05
2.04
2.11
2.10
2.01
2.01
2.06
2.07
2.09
1.99
2.04
2.16
2.05
2.05
2.01
2.03
2.10
2.02
2.05
2.02
2.11
2.14
1.95
1.99
2.01
2.10
2.11
1.85
2.05
2.08
2.09
2.02
1.88
2.19
2.05
1.99
2.01
1.98
2.13
2.01
2.00
2.07
2.02
2.07
2.00
2.10
2.06
1.98
2.03
2.09
2.11
1.99
1.96
2.13
2.12
2.00
1.99
2.06
2.13
2.02
2.07
2.08
2.05
2.00
2.09
2.02
2.04
1.99
2.13
2.10
1.85
2.09
2.09
2.06
2.04
1.98
2.18
2.03
2.03
2.06
2.03
2.02
2.11
2.08
1.99
1.99
2.10
2.05
1.96
2.09
2.13
2.01
2.07
2.06
2.09
2.01
2.12
2.12
1.81
2.16
2.06
1.99
2.09
1.98
2.04
2.14
2.05
1.99
2.11
2.05
2.05
2.01
2.01
2.08
2.09
2.02
2.00
2.10
2.06
2.06
1.93
2.05
2.08
2.03
2.06
2.00
2.11
2.12
1.98
2.03
2.09
2.05
2.07
1.95
2.10
2.06
2.06
2.03
2.00
2.09
2.00
2.13
1.97
2.11
2.07
2.03
2.08
2.01
2.09
1.97
1.98
2.06
2.05
2.07
1.97
2.11
2.08
2.01
2.07
2.03
2.03
2.12
2.03
1.94
2.13
1.98
2.05
2.06
1.96
2.11
2.08
2.02
1.97
2.09
2.11
1.96
2.10
2.07
1.98
2.15
2.06
1.90
2.08
2.08
2.01
2.02
2.01
2.08
2.02
2.12
2.00
1.98
2.11
2.05
2.01
2.08
2.10
2.04
2.03
2.04
2.00
2.02
2.18
2.00
1.92
2.21
2.03
2.01
2.05
2.03
2.04
2.11
2.09
1.97
2.02
2.12
2.05
1.99
2.10
2.12
2.08
2.05
2.04
2.01
2.13
2.13
1.77
1.99
2.09
1.99
2.09
2.05
1.96
2.10
2.06
1.99
2.03
2.09
2.01
2.02
2.03
