1.65
1.64
1.64
1.65
1.64
1.64
1.65
1.65
1.64
1.64
1.64
1.64
1.63
1.64
1.65
1.63
1.64
1.64
1.64
1.65
1.63
1.65
1.64
1.64
1.65
1.64
1.65
1.64
1.65
1.64
1.65
1.65
1.65
1.63
1.64
1.64
1.64
1.64
1.65
1.65
1.64
1.65
1.65
1.65
1.65
1.64
1.66
1.65
1.65
1.64
1.65
1.64
1.63
1.64
1.64
1.65
1.64
1.64
1.63
1.63
1.65
1.64
1.64
1.65
1.64
1.65
1.64
1.64
1.64
1.64
1.65
1.65
1.64
1.65
1.65
1.65
1.64
1.65
1.65
1.64
1.64
1.65
1.65
1.65
1.64
1.63
1.65
1.65
1.64
1.64
1.64
1.64
1.64
1.65
1.64
1.65
1.65
1.65
1.65
1.63
1.65
1.63
1.64
1.64
1.65
1.65
1.64
1.65
1.64
1.65
1.64
1.65
1.64
1.65
1.64
1.65
1.65
1.66
1.64
1.65
1.65
1.65
1.64
1.64
1.65
1.63
1.64
1.64
1.65
1.65
1.67
1.65
1.64
1.64
1.64
1.64
1.61
1.64
1.64
1.64
1.64
1.65
1.65
1.63
1.65
1.64
1.64
1.65
1.63
1.62
1.64
1.64
1.65
1.65
1.63
1.64
1.65
1.64
1.65
1.64
1.65
1.64
1.64
1.65
1.64
1.65
1.63
1.64
1.64
