3.03
3.25
2.77
2.97
2.73
2.94
3.08
3.15
2.57
2.82
3.28
2.96
2.83
3.04
3.11
2.87
3.18
2.62
2.72
3.15
3.08
2.87
2.67
3.29
2.88
2.98
2.89
2.59
3.17
3.15
2.84
2.91
3.12
2.90
3.09
2.70
2.73
3.12
3.05
2.82
2.85
3.20
2.81
3.13
2.69
2.65
3.27
2.92
2.80
3.08
2.91
3.06
3.19
2.30
3.01
3.19
2.79
2.87
2.77
3.12
2.90
3.11
2.77
2.59
3.29
3.08
2.74
2.93
3.16
2.96
2.95
2.85
2.85
2.86
3.10
3.04
2.31
3.27
3.08
2.77
2.91
2.77
2.99
3.03
3.15
2.59
2.83
3.27
2.91
2.73
3.05
3.02
2.91
3.14
2.60
2.70
3.16
3.08
2.84
2.64
3.29
2.86
2.98
2.81
2.54
3.13
3.14
2.87
2.68
3.17
3.04
2.81
2.94
2.94
2.81
3.08
3.11
2.44
3.28
3.03
2.71
2.89
2.77
2.91
3.12
2.99
2.54
3.07
3.18
2.77
2.92
3.03
2.90
3.07
3.19
2.54
2.69
3.18
3.10
2.84
2.66
3.29
2.88
3.01
2.84
2.68
3.07
3.14
2.99
2.73
3.19
2.99
2.90
2.83
2.73
