3.13
3.30
3.29
3.26
3.30
3.26
2.47
2.65
1.79
2.46
3.30
3.30
2.91
3.16
2.50
3.20
3.03
3.03
3.30
0.59
3.22
2.23
2.75
3.29
3.29
3.29
3.27
3.27
2.54
2.79
3.29
3.30
3.25
2.40
3.29
2.42
3.14
3.07
2.92
0.76
2.57
3.26
1.94
3.29
2.77
3.29
3.26
3.30
3.30
0.79
3.28
2.42
2.47
2.60
3.28
3.12
2.72
3.27
3.20
3.30
2.45
2.73
2.34
3.29
3.30
3.30
3.25
2.21
2.80
2.22
2.53
3.29
3.30
3.26
2.59
3.28
2.53
3.16
2.86
2.12
3.30
1.52
3.30
2.70
3.30
2.48
2.57
2.83
1.49
3.30
2.80
3.28
3.19
3.28
3.29
2.00
2.83
3.21
2.56
2.30
2.47
3.29
2.04
1.80
2.41
2.46
3.00
2.36
3.30
1.84
3.30
2.60
3.30
3.25
3.30
3.29
3.28
3.29
3.25
2.44
3.24
3.30
3.29
2.25
2.76
2.53
2.96
3.29
2.30
3.30
1.95
2.76
3.29
2.64
3.30
3.30
2.81
1.95
2.40
2.72
2.56
3.28
3.27
3.27
1.65
2.94
