1.82
1.87
1.84
1.71
1.85
2.95
1.53
1.83
1.93
2.17
1.87
2.33
1.89
1.93
1.89
1.75
1.89
2.36
1.90
2.25
1.89
2.03
1.78
1.75
2.24
1.87
1.62
1.57
1.94
1.81
1.92
1.89
1.83
1.74
2.47
1.51
1.83
1.41
1.85
1.60
2.49
1.48
1.82
2.52
1.80
1.91
2.11
1.74
1.93
1.90
1.80
1.75
1.73
1.90
1.85
1.81
1.86
1.83
2.06
1.91
1.95
2.54
1.86
2.18
1.75
1.88
1.35
1.94
1.87
1.87
1.83
2.77
1.84
1.00
1.89
2.23
1.90
1.86
2.00
1.88
1.63
1.86
1.87
1.70
1.87
2.09
1.87
1.91
0.85
1.97
2.02
1.71
1.67
1.99
2.00
1.95
1.88
2.32
1.68
1.75
1.81
2.11
2.21
1.87
2.04
1.92
2.13
2.20
2.52
1.86
1.85
2.13
1.87
1.93
2.06
2.40
1.83
3.30
2.38
2.57
1.88
1.66
1.90
1.83
1.85
1.88
1.88
1.95
1.96
1.83
1.95
1.89
1.88
1.84
1.86
1.99
1.82
1.84
2.11
1.82
1.79
1.85
1.88
1.57
1.94
1.85
1.85
1.92
0.44
1.95
0.49
3.30
2.04
1.92
1.81
1.82
1.94
1.87
1.75
1.91
