2.06
1.95
2.00
2.05
2.02
2.03
1.70
2.07
2.20
2.57
1.98
2.04
2.08
2.02
2.56
1.74
2.10
3.30
2.02
2.09
2.12
1.91
1.96
2.23
1.97
2.15
2.10
1.96
1.93
1.74
1.96
1.10
2.14
2.06
1.99
1.48
1.97
2.15
2.17
2.07
2.13
2.21
2.27
2.02
2.17
1.93
2.03
2.08
0.46
2.13
2.79
1.92
2.03
2.09
2.36
1.98
2.00
1.85
210.91
1.94
1.87
2.00
2.01
1.86
2.13
2.00
2.26
1.95
2.01
1.92
1.98
1.86
2.09
1.96
2.20
2.00
1.06
1.74
2.10
0.80
2.00
0.61
1.92
3.30
1.95
1.97
2.02
1.97
2.00
1.96
2.02
2.48
1.99
1.97
2.01
1.99
2.18
2.02
2.05
2.13
1.88
1.80
2.15
1.89
1.91
2.64
1.92
1.94
1.84
1.69
1.92
2.37
2.09
1.98
1.81
1.95
0.53
2.04
1.15
1.69
1.90
2.52
1.95
2.09
2.50
2.58
1.94
2.00
1.73
1.93
1.93
2.23
2.10
1.84
2.00
2.20
2.11
2.01
2.10
2.11
1.95
2.08
1.98
1.88
2.12
1.88
1.48
1.98
1.94
1.84
2.10
1.98
2.05
1.92
2.04
1.96
1.97
1.94
1.97
2.04
2.28
2.06
1.91
2.00
2.00
2.00
1.89
1.96
1.52
2.03
2.12
2.00
1.90
1.95
1.88
2.06
2.11
1.89
1.97
1.83
2.06
2.16
2.03
1.91
2.70
2.25
2.12
1.90
1.89
2.11
2.06
1.97
1.98
1.95
1.78
2.07
2.06
2.10
2.04
2.00
2.13
0.81
1.04
2.20
1.86
2.02
2.23
2.61
1.97
1.87
2.08
2.05
2.12
2.02
2.05
1.99
2.05
1.91
2.02
2.03
1.87
2.10
2.01
2.48
2.09
1.65
1.85
2.03
0.81
